County,2020,2019,2018,2017,2016,Avg Age
Sumter,68.0,67.4,67.0,66.4,66.0,66.96000000000001
Charlotte,59.5,59.1,58.6,58.1,57.7,58.6
Citrus,56.7,56.5,56.2,55.9,55.7,56.2
Sarasota,56.6,56.1,55.5,55.1,54.5,55.55999999999999
Highlands,54.1,53.5,53.4,53.1,52.6,53.339999999999996
Indian River,54.0,53.5,52.9,52.2,51.4,52.8
Martin,52.7,52.2,51.9,51.6,51.1,51.9
Flagler,51.8,51.3,50.9,50.3,50.1,50.88
Collier,51.3,50.8,50.3,49.7,49.2,50.25999999999999
Hernando,48.8,49.0,48.9,48.9,48.9,48.9
Marion,48.7,48.7,48.6,48.5,48.5,48.6
Lee,48.8,48.5,48.1,47.8,47.3,48.1
Manatee,48.8,48.3,48.0,47.6,47.1,47.959999999999994
Pinellas,48.4,48.1,47.8,47.6,47.4,47.86
Monroe,47.9,47.7,47.3,46.7,46.7,47.25999999999999
Brevard,47.2,47.3,47.2,47.1,47.0,47.16
Jefferson,47.3,48.0,47.2,46.0,45.5,46.8
Lake,47.0,46.9,46.8,46.6,46.7,46.8
Glades,47.9,47.9,47.2,45.8,45.1,46.78
Dixie,46.2,46.5,47.3,47.6,46.3,46.779999999999994
Levy,47.0,46.9,46.8,46.4,46.6,46.739999999999995
Volusia,46.5,46.6,46.5,46.4,46.5,46.5
Franklin,47.3,46.4,45.0,44.3,43.8,45.36
Nassau,45.8,45.3,45.0,44.9,44.6,45.12
Putnam,45.0,45.1,45.0,44.8,44.5,44.879999999999995
Gulf,46.3,44.9,44.3,44.3,44.5,44.86
St. Lucie,45.5,45.1,44.8,44.6,44.3,44.85999999999999
Palm Beach,45.0,44.8,44.6,44.4,44.3,44.620000000000005
Pasco,44.5,44.5,44.6,44.5,44.6,44.54
Walton,44.1,44.0,43.7,43.2,43.4,43.68
St. Johns,43.7,43.7,43.4,43.1,42.9,43.36
Madison,44.2,43.5,42.9,42.4,41.6,42.92
Suwannee,43.5,43.3,42.5,41.7,41.9,42.58
Holmes,42.2,42.7,42.5,42.2,42.3,42.38000000000001
Gilchrist,41.7,42.1,42.5,42.8,42.3,42.28000000000001
Taylor,43.2,42.0,41.7,41.4,41.3,41.92
Washington,41.3,41.5,41.8,41.9,42.0,41.7
Jackson,42.2,41.7,41.6,41.5,41.3,41.660000000000004
Calhoun,41.9,41.6,40.2,40.3,40.6,40.92
Wakulla,42.3,40.6,40.7,40.7,40.2,40.9
Hamilton,40.0,40.9,41.5,41.1,40.9,40.88
Okeechobee,40.9,41.1,41.1,41.0,40.2,40.86
Gadsden,41.4,40.8,40.7,40.7,40.3,40.779999999999994
Columbia,40.6,40.4,40.7,40.7,40.7,40.620000000000005
DeSoto,40.7,40.9,40.6,40.7,40.2,40.61999999999999
Polk,40.2,40.2,40.3,40.4,40.4,40.3
Bradford,39.8,39.7,40.1,40.9,41.0,40.3
Broward,40.5,40.4,40.1,40.1,40.0,40.22
Bay,40.6,39.8,39.4,39.6,39.7,39.82000000000001
Santa Rosa,40.0,39.9,39.7,39.5,39.5,39.720000000000006
Miami-Dade,40.2,39.9,39.7,39.5,39.3,39.720000000000006
Union,39.8,39.3,39.5,39.8,39.7,39.61999999999999
Clay,39.8,39.7,39.5,39.4,39.4,39.56
Seminole,39.3,39.2,39.2,39.1,39.2,39.2
Liberty,40.6,40.7,40.3,36.9,36.9,39.08
Lafayette,38.6,37.3,39.1,39.2,38.4,38.519999999999996
Baker,37.8,37.7,37.6,37.1,36.5,37.339999999999996
Escambia,37.3,37.2,37.2,37.0,37.1,37.16
Hillsborough,37.4,37.2,36.9,36.8,36.6,36.980000000000004
Okaloosa,36.9,36.9,36.8,36.7,36.8,36.82000000000001
Duval,36.3,36.2,36.1,36.0,36.0,36.12
Osceola,36.0,35.9,35.8,35.7,35.8,35.839999999999996
Hardee,35.4,35.4,35.1,34.9,34.3,35.02
Orange,35.3,35.1,34.9,34.7,34.5,34.9
Hendry,35.0,34.0,33.9,33.7,33.8,34.080000000000005
Alachua,31.7,31.6,31.3,31.2,31.0,31.360000000000003
Leon,31.3,31.0,30.7,30.5,30.3,30.76
